-8.763330803700000615e+01 4.189960211100000009e+01
-8.762099291299999493e+01 4.188498719199999698e+01
-8.762621490600000129e+01 4.189250778099999906e+01
-8.763274648899999875e+01 4.188099447100000106e+01
-8.763186394999999607e+01 4.189204213600000060e+01
-8.790303966100002242e+01 4.197907081999999690e+01
-8.761886835500000359e+01 4.189092202599999837e+01
-8.765599818200000470e+01 4.194422660099999689e+01
-8.762621053200000176e+01 4.189915561300000491e+01
-8.761294541399999503e+01 4.189197150800000458e+01
-8.764264899799999853e+01 4.187925508400000041e+01
-8.761735800600000346e+01 4.185934971500000046e+01
-8.775093428899999992e+01 4.178599851799999954e+01
-8.765587878600000238e+01 4.196581196999999719e+01
-8.766341640500000665e+01 4.198671179999999481e+01
-8.769915534299998683e+01 4.192276061999999826e+01
-8.767016685700001233e+01 4.200962288099999853e+01
-8.762033462399999451e+01 4.185718385799999908e+01
-8.772345239000000561e+01 4.195358212499999695e+01
-8.777116670299999157e+01 4.197882952599999840e+01
-8.764396537000000365e+01 4.194982934600000135e+01
-8.780453200600000230e+01 4.198501510100000189e+01
-8.766659626499999547e+01 4.177592882700000132e+01
-8.772692984200000410e+01 4.176977805900000362e+01
-8.758747925799998768e+01 4.180591169899999926e+01
